31401 
34192 
38956 
37521 
39032 
36461 
38908 
38857 
36986 
39141 
38433 
34882 
39142 
38931 
33502 
39014 
38951 
31659 
39091 
39141 
38895 
30384 
39042 
39090 
39034 
28619 
39146 
39107 
38879 
25772 
39128 
39098 
38893 
25029 
39068 
39135 
39056 
23303 
39151 
39209 
38967 
21522 
39183 
38977 
39110 
20906 
39253 
39042 
38962 
19345 
39095 
39201 
38868 
39027 
17639 
38984 
39192 
39009 
39123 
15267 
39084 
39083 
38930 
38979 
13885 
38863 
38477 
39118 
38881 
18481 
39060 
39023 
39106 
38996 
14571 
33580 
38967 
39065 
39010 
19162 
32397 
38845 
38936 
38949 
20014 
37782 
38252 
38528 
39016 
18894 
37767 
38305 
38559 
39012 
32600 
38943 
38884 
38434 
38886 
36959 
38463 
38904 
38939 
38777 
33841 
37917 
38925 
38758 
38739 
38918 
35930 
36603 
37875 
38719 
38678 
36080 
36706 
38508 
37457 
38744 
34677 
33879 
37507 
39009 
38429 
34796 
31880 
35474 
37803 
38660 
33257 
33347 
37848 
38961 
38912 
38739 
33922 
32912 
36296 
38988 
39040 
38817 
36790 
32383 
37547 
38798 
38943 
38645 
36339 
33756 
37716 
38856 
38859 
38578 
36706 
33709 
38706 
39111 
38932 
38681 
38836 
33655 
36866 
38648 
38981 
38796 
38870 
33077 
37437 
38939 
38909 
38700 
38711 
33125 
37496 
38913 
39048 
38801 
38567 
34267 
37706 
39222 
38810 
38984 
38656 
36817 
36812 
38979 
39086 
39083 
38688 
36788 
36169 
39090 
38758 
39068 
38555 
38738 
37606 
38950 
39009 
39120 
38750 
38817 
37079 
38874 
38854 
39067 
38864 
38689 
34245 
39085 
38680 
38979 
38806 
38735 
32428 
38894 
38867 
38910 
38987 
38862 
32263 
38895 
38854 
38983 
39030 
38667 
32684 
38936 
39211 
37396 
39135 
38627 
33640 
38906 
38723 
38791 
39120 
38570 
37718 
38893 
38890 
36556 
38948 
38528 
37855 
39014 
38812 
38539 
39128 
38753 
37683 
39048 
39029 
38137 
38881 
38717 
36982 
38817 
39005 
37143 
38987 
38819 
36673 
39091 
38721 
36228 
38892 
38989 
36784 
38893 
38944 
35636 
39007 
39161 
38714 
39074 
38828 
34285 
38996 
39146 
38565 
38885 
38684 
33790 
39122 
39165 
38696 
39020 
39015 
34742 
39007 
38450 
38717 
39159 
38780 
33416 
39035 
38907 
38763 
38895 
38899 
33052 
39174 
38799 
38837 
38241 
38862 
32605 
39156 
38690 
38820 
36730 
38786 
32133 
38981 
38007 
38730 
36604 
39191 
30737 
38902 
39087 
38703 
35352 
38805 
38682 
38932 
38991 
38763 
38861 
37586 
38887 
38845 
38716 
38854 
38533 
38753 
39084 
38294 
39046 
39172 
38632 
39000 
38631 
39040 
38707 
38830 
38867 
38791 
39214 
38830 
38772 
38817 
38678 
31642 
38890 
38822 
38765 
38758 
38810 
39098 
38773 
38691 
38701 
38756 
39077 
39050 
38947 
38998 
37517 
38856 
39076 
39106 
38888 
39195 
39123 
38641 
38716 
38938 
39106 
38973 
38875 
39086 
39044 
39077 
38749 
32223 
38859 
38969 
38700 
38874 
38938 
39032 
38632 
38908 
39264 
38931 
38869 
38692 
38752 
38999 
39027 
38612 
39052 
38915 
38700 
38658 
38958 
38728 
39223 
37389 
38678 
38911 
39079 
38631 
38900 
39016 
38726 
39007 
39078 
38930 
38615 
39150 
38911 
39050 
38738 
39033 
39203 
38959 
38826 
39067 
38947 
38943 
39077 
33796 
38825 
38791 
38901 
38756 
38670 
38979 
39072 
38847 
38846 
38948 
39033 
38944 
38805 
38940 
38683 
38924 
39169 
38909 
38651 
38774 
38635 
38838 
38710 
38731 
39333 
38753 
38838 
38766 
39012 
38933 
39096 
38794 
38865 
38744 
38922 
39246 
38824 
38792 
38814 
39018 
38889 
38964 
38811 
38871 
38935 
38663 
38971 
38715 
39021 
37832 
38756 
38757 
39040 
38893 
38718 
39019 
38798 
38885 
38829 
38717 
38913 
38852 
38788 
39004 
38801 
38818 
38925 
38762 
38859 
38751 
38927 
38903 
38903 
38773 
38785 
38847 
39008 
38951 
38868 
38875 
38942 
39251 
38921 
39043 
39256 
39142 
39222 
38859 
38857 
38790 
38735 
38821 
38826 
38820 
39022 
38794 
39074 
38840 
38832 
38865 
38866 
38810 
39075 
39024 
39010 
38847 
38864 
38634 
38781 
38853 
39092 
39082 
38910 
38529 
39121 
39025 
38819 
38802 
38988 
38938 
38665 
38833 
38781 
38929 
38908 
38635 
39158 
38826 
38683 
38681 
38781 
38777 
39030 
39014 
38928 
38832 
38898 
39165 
38788 
38851 
39100 
38776 
38737 
39031 
39397 
39079 
38860 
38890 
38858 
38723 
39063 
38883 
39051 
39351 
38781 
38980 
39268 
38540 
38690 
38873 
38998 
38830 
38685 
38751 
38821 
38896 
38811 
39361 
39089 
38618 
38841 
38818 
38931 
38916 
38797 
38808 
38691 
39008 
38975 
38931 
39037 
38841 
38749 
38924 
38842 
38860 
39225 
38673 
38937 
38942 
38960 
38620 
38744 
38721 
39037 
38847 
38752 
38843 
38714 
38741 
38782 
38793 
38836 
38660 
38850 
38832 
38759 
38923 
38916 
39304 
38991 
38904 
38869 
38903 
38719 
38895 
39104 
38787 
38771 
38794 
38685 
38827 
38896 
38792 
38944 
38973 
39038 
38963 
38804 
39082 
38943 
38866 
38967 
38705 
38784 
38807 
38911 
38889 
38688 
38769 
38932 
38907 
39047 
38587 
38740 
38833 
38745 
38831 
38803 
38685 
39280 
38840 
38873 
38930 
38625 
38653 
38880 
38705 
39152 
38738 
38954 
38687 
38792 
38956 
38751 
38888 
38758 
38816 
38736 
38961 
39365 
38921 
38789 
38941 
38725 
38898 
38885 
38931 
38952 
38690 
38892 
38843 
38826 
39029 
38743 
38757 
38930 
38869 
38848 
38881 
38727 
38850 
38783 
38951 
38745 
39038 
38715 
38752 
39186 
38786 
38800 
39145 
38754 
38805 
38934 
38801 
38417 
38794 
38873 
38906 
38890 
38951 
38710 
39001 
38708 
39036 
38712 
39051 
38885 
38352 
38815 
38993 
38733 
39027 
38909 
38669 
39122 
38899 
38827 
38959 
38701 
39021 
38855 
39501 
38801 
38849 
38756 
39075 
38852 
38956 
39024 
38927 
38792 
38986 
38729 
38820 
38794 
38683 
38770 
38929 
38995 
38590 
38652 
38933 
38941 
38781 
38889 
38831 
38954 
38694 
38992 
38765 
38849 
38910 
38831 
38984 
38768 
39011 
38639 
38822 
39000 
38818 
38993 
39063 
38960 
38978 
38845 
38825 
39012 
38907 
39128 
39044 
38820 
38590 
38928 
38818 
38745 
38776 
38643 
38893 
38760 
39043 
38892 
38802 
38732 
38989 
38748 
38964 
38763 
39009 
38801 
38819 
38953 
38996 
38885 
38937 
38543 
38887 
38966 
38765 
38994 
38641 
38639 
39101 
38665 
38710 
38932 
38810 
38931 
39088 
38884 
38816 
38595 
38916 
38677 
38747 
38862 
38801 
38800 
38848 
38758 
38982 
39143 
38686 
38655 
38827 
39014 
38753 
38789 
38755 
38888 
38923 
39064 
38723 
38813 
38789 
38806 
38770 
38901 
38738 
38800 
39018 
38827 
39032 
38762 
38897 
38953 
38829 
38904 
38904 
38986 
38900 
39012 
38814 
38995 
38767 
38687 
38920 
38705 
38853 
38978 
38720 
38972 
38854 
38817 
38966 
38909 
39007 
38964 
38746 
39009 
38802 
39134 
38876 
38998 
38816 
39093 
38762 
38899 
38835 
38939 
38964 
38770 
38686 
39034 
38776 
38909 
38476 
38876 
38820 
38987 
39000 
38805 
38879 
38934 
38956 
38958 
38917 
38781 
39010 
38891 
38988 
38949 
39040 
38971 
38965 
38980 
38914 
38900 
38703 
39260 
38928 
39078 
39076 
39311 
38747 
38982 
38975 
38792 
38946 
38986 
38951 
39056 
38395 
39125 
38747 
38904 
39089 
38889 
38839 
39170 
38815 
39248 
39115 
39056 
38948 
38913 
39136 
39065 
38883 
39042 
38788 
39063 
38801 
39100 
38966 
38883 
38920 
38785 
39167 
38936 
39110 
38832 
38723 
39124 
38813 
39163 
39047 
38837 
38946 
39052 
38879 
38954 
38910 
39010 
38860 
38957 
39020 
39015 
38951 
39037 
38858 
39081 
39049 
38775 
39166 
38817 
38853 
38870 
38837 
38743 
39023 
38834 
38941 
39034 
38873 
38822 
38900 
38782 
39066 
38954 
39180 
39032 
38967 
38593 
38818 
38813 
38958 
38748 
38760 
39119 
38908 
38841 
38917 
39189 
38705 
39076 
38864 
39023 
38976 
38892 
38808 
38954 
38910 
38904 
38975 
38583 
38815 
38811 
38809 
38979 
38813 
39026 
38709 
38858 
39015 
39106 
38967 
38865 
39064 
38832 
38849 
38972 
39027 
39024 
39057 
39017 
39170 
38955 
39083 
38735 
38729 
38777 
38892 
38985 
38939 
38963 
38882 
38694 
38742 
38891 
38979 
38985 
38848 
39012 
38872 
39120 
38967 
38851 
39062 
39055 
38960 
38545 
38898 
38903 
38896 
38756 
38909 
39079 
38973 
38667 
38700 
38978 
38627 
38879 
39024 
38884 
38952 
38895 
38761 
38775 
38839 
39078 
38646 
38876 
38847 
38982 
38735 
38969 
39118 
38639 
38824 
39104 
38877 
38742 
38691 
38976 
38899 
38875 
39104 
39111 
38799 
38691 
38996 
38582 
39170 
39184 
38986 
38985 
38740 
38896 
38689 
38807 
38985 
38710 
38806 
38774 
39092 
38942 
38855 
38610 
38828 
38669 
39103 
38799 
39088 
38906 
38809 
38867 
38904 
38920 
38716 
38861 
38876 
38940 
38868 
38825 
38744 
38764 
38632 
38717 
38988 
38725 
39014 
39012 
38422 
38949 
38723 
38979 
38849 
38767 
39157 
38880 
39009 
38788 
38980 
38811 
39034 
38981 
38613 
38836 
38590 
38750 
38945 
38866 
38680 
38656 
38677 
38757 
38609 
38753 
38639 
38886 
38764 
38845 
38711 
38638 
38731 
38968 
38728 
38517 
38587 
39090 
38776 
39057 
38689 
38633 
38828 
38676 
38645 
39072 
38812 
38891 
38755 
38869 
38771 
38810 
38770 
38578 
38785 
38625 
38882 
38633 
38625 
38613 
38791 
39188 
38741 
38978 
38818 
38772 
38769 
38983 
38886 
38786 
39104 
38893 
38829 
38823 
38731 
38843 
38895 
38698 
38785 
38813 
39015 
38693 
38825 
38660 
38723 
38658 
38706 
38752 
38662 
38828 
38696 
38738 
38809 
38769 
37673 
38848 
39035 
38914 
38772 
39123 
38746 
38670 
38843 
38746 
39035 
38754 
38713 
39138 
38842 
38997 
38732 
38792 
38629 
38704 
39002 
38872 
38627 
38888 
38807 
38556 
39125 
38958 
38840 
39130 
38828 
38780 
38795 
38874 
38909 
38976 
38922 
38794 
38933 
38914 
38881 
38897 
38970 
38934 
38806 
38818 
38811 
38876 
39024 
38888 
39065 
39013 
38946 
38831 
38831 
39012 
38614 
38687 
38896 
39074 
38652 
39078 
38951 
38726 
38846 
38917 
38923 
38858 
38690 
39028 
38741 
39014 
37303 
37980 
38760 
38971 
38814 
38851 
39023 
38963 
38728 
38971 
38645 
38850 
38284 
38684 
38677 
38391 
38769 
38798 
38849 
38326 
39024 
38566 
38896 
38858 
38889 
39119 
38884 
38765 
38867 
38593 
39066 
38883 
38867 
38934 
38810 
38985 
38062 
38987 
38880 
38918 
38805 
38926 
38952 
38762 
38895 
38722 
38851 
38892 
38839 
38685 
39093 
38750 
38661 
38856 
39029 
38754 
38766 
38903 
38780 
38945 
38693 
38818 
38841 
38779 
39132 
39067 
38615 
38800 
39030 
37437 
38711 
39126 
38879 
38942 
38671 
38626 
38792 
39030 
38866 
38740 
38594 
38470 
38596 
38818 
38914 
38778 
38709 
38919 
38966 
38811 
38657 
38853 
38537 
38648 
39025 
38857 
39143 
38655 
38891 
38956 
38813 
38917 
39007 
38844 
38514 
39300 
38595 
39301 
38853 
38671 
38818 
38525 
38852 
38832 
38665 
38989 
38771 
38760 
38866 
38946 
38683 
38669 
38927 
38781 
38680 
38928 
39219 
38888 
38806 
38977 
38692 
38753 
38690 
39138 
39104 
38699 
38912 
38858 
38882 
38735 
38936 
38828 
39200 
38800 
38823 
38795 
38739 
38908 
38850 
38849 
38813 
38651 
38791 
38666 
38832 
39014 
38624 
38964 
38733 
38840 
38676 
38901 
38959 
38790 
38866 
38877 
38824 
38934 
38940 
38884 
38861 
38937 
38497 
38747 
38802 
38961 
38784 
38845 
38683 
39208 
38932 
38971 
38762 
38661 
38994 
38625 
38967 
38907 
39087 
38762 
38968 
38973 
38729 
38891 
38790 
38909 
39002 
39141 
38605 
38872 
38978 
38836 
39038 
38951 
38738 
39038 
39167 
38759 
38809 
38761 
38680 
38788 
38852 
38852 
38888 
38739 
38920 
38923 
38789 
38735 
39048 
38915 
38940 
38810 
38972 
38987 
38767 
39007 
38808 
38760 
39023 
39042 
38609 
38866 
39070 
38758 
39087 
38847 
39044 
38768 
38631 
38824 
38759 
38780 
38795 
38782 
38563 
39060 
38707 
38652 
38946 
38651 
38632 
38657 
38660 
38983 
38808 
38880 
38852 
38839 
38550 
38835 
38858 
38756 
38681 
39056 
38810 
38938 
38623 
38860 
39108 
38775 
38605 
38690 
38753 
38741 
38725 
38758 
38623 
38988 
38210 
38804 
39017 
39002 
38764 
38674 
38647 
38881 
38883 
38801 
38821 
38904 
38825 
38887 
38883 
38873 
38783 
38944 
38732 
38735 
38820 
38637 
38652 
38779 
38784 
38701 
38872 
38774 
38909 
39113 
38623 
39005 
38783 
38801 
38673 
38866 
38786 
38992 
38779 
38810 
38703 
38766 
38928 
38701 
38811 
38694 
38785 
38868 
38794 
38557 
38575 
39153 
38902 
38765 
38750 
38835 
38763 
38976 
38840 
38915 
38757 
39130 
38732 
38651 
38825 
39055 
38772 
38968 
38905 
38937 
38756 
38840 
38826 
38929 
38615 
38680 
38725 
38914 
38824 
38701 
38976 
38930 
38772 
38816 
38812 
38798 
38696 
38893 
38740 
38844 
39017 
38837 
38868 
38747 
39082 
39054 
38903 
39032 
38991 
38870 
38839 
39025 
38696 
39127 
38835 
38717 
38784 
39092 
38897 
38796 
39170 
38959 
38873 
38525 
38813 
39084 
38835 
38888 
38893 
38894 
38771 
38764 
38850 
38691 
38965 
38657 
38825 
38804 
38894 
38912 
38856 
38644 
38692 
38647 
38904 
38602 
38728 
39177 
38579 
38993 
38898 
38968 
38787 
38869 
38953 
39034 
38973 
38626 
38844 
38915 
38546 
38594 
38566 
38857 
38958 
38727 
38801 
38990 
38871 
38578 
38930 
39016 
38564 
39071 
38916 
38995 
38827 
38971 
39096 
38604 
38830 
38868 
38967 
39028 
38547 
38972 
38651 
38912 
39028 
38980 
39009 
38830 
38911 
38875 
38904 
38707 
38712 
38668 
38791 
38730 
38837 
39021 
38872 
38584 
38911 
39051 
38954 
38779 
38715 
38910 
38534 
38516 
38778 
38736 
38815 
38645 
38953 
38592 
38913 
38690 
38641 
38791 
38693 
38725 
39011 
38373 
38818 
38755 
38623 
38675 
38786 
39156 
38716 
38936 
38810 
38830 
38734 
38591 
38823 
38843 
38806 
38948 
38721 
38961 
38909 
38809 
38752 
39069 
38841 
38694 
38889 
38684 
39032 
38961 
38604 
39020 
38955 
38592 
38632 
38817 
38448 
39284 
38891 
38912 
38847 
38474 
39016 
38815 
38808 
39025 
38987 
38646 
38649 
38682 
38955 
38796 
38790 
38948 
38843 
38732 
38807 
38904 
38580 
38790 
38932 
38745 
39017 
38816 
38772 
38885 
38753 
38753 
39068 
38961 
38860 
38791 
38803 
38833 
38769 
38622 
39059 
39036 
38889 
38853 
38721 
38694 
39056 
38734 
38861 
38588 
38964 
39041 
39012 
38718 
39117 
38793 
38809 
38994 
38940 
38899 
38534 
38760 
38937 
39078 
39143 
38896 
38786 
38955 
38750 
38560 
38749 
39033 
38959 
38694 
38925 
38849 
38911 
38932 
38848 
39009 
38976 
38791 
38876 
38680 
38731 
38634 
38732 
38705 
38792 
38591 
39105 
38873 
38836 
38891 
38722 
38632 
38713 
38622 
38911 
38642 
38958 
38859 
38808 
38933 
38895 
38536 
38639 
38687 
38835 
38864 
38911 
38860 
38679 
38914 
38580 
38997 
38926 
38880 
38863 
39075 
39062 
38821 
38735 
38723 
38794 
39001 
38817 
38650 
38740 
38741 
38674 
39021 
38807 
38924 
38565 
38693 
38611 
38755 
39024 
38564 
38779 
38762 
39008 
38999 
38842 
38886 
38930 
38753 
39131 
39067 
38595 
38849 
38842 
38811 
38767 
38911 
38658 
38695 
38854 
38837 
38896 
38799 
38571 
38919 
39107 
39078 
39023 
39042 
38824 
38750 
38837 
38820 
38790 
39039 
39137 
38752 
38796 
39070 
38984 
39066 
39075 
38831 
38908 
38689 
39004 
39035 
38811 
39039 
38611 
38904 
38783 
38950 
38917 
38681 
38727 
38987 
39025 
38822 
38879 
39128 
38861 
38814 
39044 
39070 
38762 
38793 
38993 
38720 
38833 
38992 
38930 
38898 
38925 
38941 
38972 
39010 
38998 
38901 
39128 
39002 
38737 
39044 
38953 
38832 
38923 
39051 
38679 
38892 
38940 
38800 
38862 
38698 
39008 
38894 
38876 
39051 
39082 
38936 
38814 
38894 
38833 
39037 
38796 
38683 
38988 
38836 
38838 
38963 
38874 
38962 
38761 
38978 
38936 
38839 
38648 
38978 
39081 
38809 
39068 
38741 
39188 
38688 
38876 
38840 
38644 
38884 
38965 
38918 
39089 
38983 
38981 
39149 
38770 
39032 
38996 
38950 
38935 
38820 
38869 
38680 
38877 
38742 
39107 
38746 
38874 
38615 
38937 
38691 
38950 
38684 
38597 
39050 
38808 
38964 
39018 
38824 
38793 
38947 
38914 
38620 
39052 
39014 
38812 
38678 
38831 
39049 
38891 
38799 
38887 
38970 
39115 
38785 
38877 
38936 
39029 
38920 
38919 
39098 
38765 
38960 
38932 
38715 
38853 
38972 
39014 
38913 
38939 
38982 
38635 
38601 
38912 
38753 
39078 
38714 
38675 
39010 
38621 
38748 
39103 
38799 
39003 
38816 
38845 
39014 
38809 
39098 
38931 
39023 
38941 
38758 
38838 
38934 
38764 
39365 
38789 
39318 
38793 
38953 
39002 
38614 
38837 
38780 
38922 
38897 
38912 
38934 
38895 
38764 
38758 
38784 
38711 
38870 
38832 
38651 
38821 
38783 
38801 
38701 
38880 
38816 
38795 
38721 
38974 
38936 
38580 
38858 
38993 
38662 
38786 
38995 
38935 
38800 
38743 
38699 
38731 
38895 
38836 
38728 
38614 
38884 
38764 
38868 
38717 
39068 
38785 
39049 
39046 
38929 
38694 
38990 
39045 
38758 
38748 
38911 
38663 
38717 
38730 
38945 
39126 
38930 
38823 
38976 
38902 
38768 
38811 
38817 
38767 
38814 
38996 
38909 
38905 
38892 
39077 
38528 
39158 
38987 
38757 
38792 
38815 
38761 
38630 
38852 
38695 
38942 
38952 
38729 
38678 
38923 
38825 
38822 
38768 
38811 
38930 
38900 
38859 
38776 
38662 
38879 
38934 
38930 
39151 
39125 
39026 
38922 
39159 
39095 
39040 
38887 
38609 
38574 
38852 
38702 
38847 
38793 
39396 
38969 
39167 
39293 
38939 
38847 
38784 
38664 
38987 
38767 
39006 
38881 
38761 
39184 
38895 
38995 
38877 
38671 
38700 
38996 
38857 
38773 
38667 
38908 
38741 
38941 
38824 
38886 
38829 
38830 
39041 
38845 
38728 
38988 
38802 
38863 
39131 
38734 
38869 
39050 
38902 
38873 
38897 
39091 
38870 
38604 
38749 
38956 
38944 
38847 
38893 
38832 
38820 
38756 
38517 
38750 
38632 
38974 
38963 
38909 
38785 
38750 
38891 
38398 
38979 
38763 
38983 
38782 
38718 
38779 
38819 
38629 
38636 
38925 
38646 
38806 
38636 
38780 
38712 
39015 
38799 
38882 
38936 
38727 
38981 
38841 
39013 
38836 
38723 
38822 
38848 
39057 
38844 
38807 
39003 
39163 
38908 
38738 
38824 
39051 
38917 
38766 
38776 
38660 
38825 
39016 
38818 
38535 
38675 
39004 
38869 
38752 
38809 
39057 
38909 
38930 
38832 
38868 
38820 
38968 
38851 
38962 
38838 
38895 
38666 
38786 
38574 
38801 
39060 
38908 
38654 
38846 
38982 
39314 
38793 
38926 
38823 
38803 
38848 
38872 
38804 
38887 
39257 
38858 
38920 
38974 
38805 
39211 
38783 
38828 
38976 
38882 
38550 
38831 
38831 
38828 
39040 
38527 
38630 
38745 
38843 
39168 
39056 
38902 
38794 
38921 
38756 
38939 
38785 
38733 
38797 
38642 
38857 
38932 
38905 
38930 
38791 
38871 
39574 
38676 
39004 
39041 
38680 
38897 
39152 
38826 
38880 
39162 
38806 
38879 
38862 
38734 
38685 
39006 
38846 
38986 
38753 
38720 
38592 
38996 
38921 
38788 
39106 
38974 
38899 
39122 
38856 
38731 
39215 
38910 
39206 
38903 
38902 
38808 
38851 
39025 
38993 
38948 
38734 
38855 
38929 
38784 
38842 
38716 
38768 
39054 
38982 
39154 
39071 
38805 
39065 
38710 
38860 
39041 
38810 
39150 
38988 
38983 
38789 
38764 
38984 
38616 
39005 
38858 
38810 
38636 
39043 
39070 
38913 
38747 
39149 
38532 
38755 
38925 
39055 
39061 
38790 
38760 
39129 
38694 
38733 
39349 
38954 
39205 
38947 
38868 
38839 
39568 
38953 
38794 
38756 
38870 
36689 
36059 
38696 
38911 
39016 
38686 
38966 
38683 
38723 
38809 
38973 
38863 
38776 
38853 
38806 
38851 
38923 
39511 
38920 
38816 
38861 
39051 
38745 
38950 
38738 
38822 
38789 
38885 
38441 
37993 
38723 
39080 
38334 
39211 
37073 
38914 
38985 
36391 
38665 
39107 
38981 
38938 
38986 
37517 
38160 
38587 
36990 
37609 
38845 
37396 
39044 
38692 
37048 
38962 
38827 
38943 
38979 
39267 
38964 
38843 
39214 
38786 
39012 
38970 
39107 
38857 
38761 
38938 
38796 
38927 
38989 
38584 
39160 
38967 
38871 
38566 
38896 
38659 
38851 
38866 
38952 
39263 
38758 
38646 
38846 
39090 
38719 
39134 
38927 
38983 
39067 
38978 
38945 
38923 
38965 
38789 
39017 
38926 
38999 
38788 
38928 
39208 
38885 
39132 
38977 
38956 
38862 
38788 
38539 
38868 
38895 
38685 
39090 
39290 
38931 
38674 
38910 
39106 
38732 
38592 
38760 
38872 
38914 
38674 
38885 
38924 
36195 
38942 
38924 
38753 
38926 
37045 
38770 
39082 
38789 
39079 
38858 
38853 
39004 
38939 
38927 
39086 
38764 
39103 
38684 
38798 
38878 
38769 
38789 
38865 
38673 
38889 
38702 
38814 
38928 
39029 
38901 
38618 
38871 
39141 
38859 
38698 
38841 
38900 
38970 
38795 
38586 
38865 
38806 
38952 
38733 
39005 
38815 
38935 
38808 
38611 
38638 
38871 
38874 
38730 
38685 
38659 
38752 
38857 
38566 
39270 
39037 
39000 
38922 
38929 
38904 
39029 
38731 
39305 
38839 
38823 
38945 
38601 
39015 
39030 
38831 
38954 
38967 
39199 
38884 
38959 
38851 
38914 
38888 
38875 
39042 
39041 
38909 
38861 
38997 
38731 
38795 
39106 
39004 
38627 
38769 
38630 
39019 
38050 
35928 
38764 
39109 
38969 
38823 
38850 
38591 
38698 
38822 
38947 
38490 
36956 
38893 
36426 
38967 
37304 
38436 
38967 
38927 
38760 
38771 
38897 
39125 
38878 
38857 
38790 
38765 
39288 
38926 
38952 
38793 
38874 
38870 
38817 
38950 
38922 
38927 
38892 
38897 
39000 
38843 
38868 
38908 
38653 
38710 
38632 
38778 
38931 
38591 
38954 
38750 
39026 
38726 
39116 
39011 
38774 
38733 
38910 
38671 
38746 
38826 
38939 
38872 
38887 
39183 
38724 
39156 
38771 
39001 
38566 
38678 
37039 
36284 
39008 
38761 
38195 
37155 
38921 
38805 
38632 
38617 
39026 
38811 
38651 
38682 
38920 
38498 
37327 
38740 
37902 
38919 
37712 
38914 
39077 
36820 
37326 
38867 
38607 
36562 
38891 
37511 
38583 
35787 
38993 
38677 
38314 
38737 
37646 
38724 
38037 
38877 
38871 
38786 
39119 
39014 
38659 
38855 
38939 
38732 
38975 
38859 
39042 
38572 
38887 
38830 
38992 
38690 
38767 
38846 
38547 
38998 
38984 
38484 
38922 
38699 
38859 
38934 
38948 
38981 
38833 
38480 
38781 
38653 
38863 
38604 
38711 
39072 
38717 
38719 
38888 
38692 
39004 
39088 
39097 
38700 
38809 
38789 
38608 
38852 
38920 
38734 
38842 
38826 
38773 
38583 
38900 
38854 
38647 
38698 
38896 
38794 
38553 
38767 
38733 
38755 
38968 
38990 
38811 
38651 
39008 
38931 
38991 
38749 
38834 
38874 
38776 
38602 
38885 
38690 
38767 
38726 
37247 
36871 
38552 
38894 
38456 
38718 
38652 
39013 
39068 
38833 
38841 
38767 
38904 
38838 
38946 
38652 
38991 
38674 
38762 
38813 
38814 
39051 
38601 
38938 
38852 
38957 
38884 
38822 
36772 
38813 
38741 
38810 
38928 
38600 
38613 
38593 
38792 
38953 
38714 
38861 
38553 
38886 
38971 
38768 
38686 
38764 
38643 
38571 
38848 
38894 
38921 
38657 
37443 
38796 
38989 
38950 
39023 
38805 
38783 
38892 
38761 
38799 
38775 
38975 
38679 
38880 
38815 
39071 
38752 
38769 
38881 
38761 
38957 
39028 
38811 
38784 
37207 
37523 
38780 
38876 
38629 
38872 
38709 
38816 
38738 
38305 
38401 
38732 
38894 
38811 
38660 
38834 
38683 
38796 
38797 
38805 
38239 
38836 
38873 
38681 
38941 
38808 
38913 
38638 
38790 
38591 
38703 
38755 
38781 
38765 
38649 
38752 
39038 
38623 
38594 
38855 
38741 
38703 
38788 
38777 
38726 
38891 
38853 
39025 
38931 
38606 
38747 
38661 
38820 
38978 
38721 
38915 
38859 
38972 
38665 
38846 
38213 
38784 
38244 
38844 
38921 
38351 
38585 
38831 
38670 
38782 
38743 
38726 
38814 
38805 
38816 
38720 
38601 
38746 
38825 
38860 
38907 
38910 
38729 
38737 
38799 
38970 
39048 
38668 
38994 
38636 
38808 
38906 
38861 
38843 
39102 
38770 
38838 
38828 
38780 
38827 
38683 
38912 
38801 
38718 
38715 
38792 
38753 
38693 
38598 
38895 
38882 
38927 
38761 
38761 
38810 
39113 
38738 
38928 
38832 
37784 
38927 
38851 
38773 
38618 
38884 
38638 
38851 
38779 
38797 
38648 
38924 
38960 
38913 
38772 
38977 
38652 
38862 
38901 
38952 
38843 
38777 
38721 
38859 
38770 
39095 
38935 
38613 
39013 
38710 
38884 
38663 
38653 
38667 
39081 
38885 
38891 
39028 
38666 
38874 
38860 
38786 
38799 
38421 
38961 
39010 
38642 
38768 
39235 
38852 
38652 
38864 
38621 
38861 
38859 
38606 
38727 
38657 
38860 
38789 
38965 
38731 
39082 
38529 
38870 
38643 
38981 
39068 
38752 
38908 
38765 
38943 
38685 
38553 
38731 
38999 
38799 
38910 
38791 
38812 
38951 
38604 
39011 
38675 
38752 
38644 
38716 
38800 
38847 
38737 
38928 
38903 
38871 
38771 
39000 
38795 
38839 
38907 
38723 
38651 
38687 
38782 
38943 
38752 
38662 
39033 
38805 
38752 
38797 
38924 
38830 
38689 
38667 
38685 
38819 
38729 
38936 
38815 
38665 
38983 
38721 
39015 
38861 
38663 
38669 
38675 
38757 
38730 
38887 
38793 
38719 
38891 
38710 
38818 
38949 
38594 
38830 
38701 
38667 
38909 
38973 
39021 
38794 
38657 
38788 
38710 
38916 
38841 
38692 
38836 
38817 
38889 
38735 
38934 
38793 
38695 
38839 
38922 
38825 
38615 
38766 
38946 
38570 
38771 
38707 
38621 
38992 
38913 
38723 
38632 
38841 
38690 
38788 
38856 
38727 
38853 
38794 
38805 
38867 
38777 
38794 
38826 
39061 
38917 
38688 
38823 
38888 
38836 
38690 
38951 
38658 
38746 
38731 
38687 
38778 
38708 
38788 
39026 
38816 
38851 
38591 
38788 
38805 
38856 
39140 
39224 
38696 
38811 
39186 
39006 
38893 
38947 
38715 
38008 
38853 
38714 
39016 
38727 
38848 
38647 
39170 
38704 
38961 
38602 
38841 
39001 
38789 
38929 
38774 
38853 
38742 
39022 
38692 
38704 
38734 
38851 
38905 
38868 
38872 
38863 
38870 
38874 
38790 
38650 
38732 
39035 
38733 
38684 
38994 
38780 
38810 
39025 
38828 
38895 
38920 
38829 
38820 
38996 
38973 
38997 
39083 
38828 
38900 
38653 
38678 
38825 
38727 
38878 
38583 
38738 
39055 
38841 
39144 
38788 
38851 
39000 
38679 
38874 
38765 
38829 
38725 
39077 
38966 
38891 
38780 
38745 
40276 
38779 
38630 
38920 
38914 
39148 
38716 
38703 
38706 
38936 
38697 
38749 
38759 
38933 
38947 
38882 
38867 
38704 
38941 
38722 
38274 
38942 
38636 
38916 
38653 
38706 
38722 
38882 
38936 
38743 
38634 
37467 
38983 
38864 
37967 
38828 
39051 
38990 
38903 
38941 
39042 
39041 
38272 
38943 
39166 
38908 
38938 
39029 
39094 
38591 
38855 
39454 
38898 
40536 
38797 
38598 
39006 
39077 
39348 
40473 
39008 
38692 
38713 
38771 
38865 
38908 
38897 
37497 
38921 
37912 
38747 
39195 
39035 
38866 
38704 
38708 
38952 
38834 
38770 
38912 
38925 
39060 
38908 
39068 
38935 
38910 
38892 
38522 
38602 
38797 
39050 
38654 
38720 
38919 
38982 
38976 
38879 
39004 
39008 
38787 
38958 
40207 
39006 
38735 
38896 
39180 
38946 
40195 
38979 
38787 
40173 
39352 
38992 
39148 
38836 
38894 
39119 
38706 
38927 
39022 
38727 
38903 
38869 
38939 
39087 
39580 
39963 
39410 
38859 
39906 
38541 
38866 
39148 
39088 
38744 
39088 
38902 
39022 
39005 
39064 
38804 
39013 
38919 
38927 
38724 
38815 
39134 
38942 
38896 
39128 
38972 
38860 
38888 
38714 
38796 
38865 
39025 
38694 
38867 
38664 
38867 
39094 
39281 
38742 
38958 
39010 
38819 
38907 
38866 
38974 
39879 
39503 
38838 
38897 
38599 
38801 
38957 
38853 
38919 
38785 
38985 
38854 
38892 
38670 
38760 
38963 
38825 
38914 
39016 
38925 
38889 
38619 
38909 
38929 
38685 
38582 
38846 
39028 
38621 
38738 
38902 
38715 
38691 
38837 
38891 
39046 
38868 
39230 
38906 
38947 
38771 
39484 
39957 
38878 
38797 
40203 
38280 
38807 
38508 
38834 
39052 
38774 
38930 
38832 
38846 
38658 
38945 
38967 
38826 
38984 
38216 
38904 
38865 
38574 
38957 
38891 
38900 
38866 
38845 
38839 
38701 
38761 
38998 
38763 
38871 
38772 
38779 
38709 
38848 
39016 
38686 
38675 
38667 
38848 
38809 
38627 
39060 
38898 
38689 
38849 
38819 
38614 
38853 
38815 
38780 
40096 
38944 
38743 
38909 
38941 
38902 
38745 
38803 
38968 
38910 
38635 
38855 
38763 
38689 
38655 
38983 
39892 
38970 
38720 
39235 
38557 
38936 
38932 
38717 
38822 
38723 
38954 
38748 
38757 
39247 
38820 
40129 
38919 
38850 
38859 
38805 
38881 
38837 
38946 
38770 
38603 
39077 
38886 
38695 
38798 
38952 
38955 
38997 
38738 
38801 
38917 
38875 
38799 
38771 
38739 
38869 
38676 
38748 
38845 
38859 
39065 
39036 
38822 
38826 
38822 
38685 
38778 
38878 
38953 
38744 
38978 
38735 
40532 
38712 
38666 
38738 
38817 
38794 
38614 
38831 
38909 
38654 
38939 
38972 
38949 
38785 
38948 
38881 
39053 
38982 
38825 
38935 
39099 
38988 
38960 
39701 
38818 
38785 
38780 
38718 
38873 
38651 
38757 
38863 
38714 
38987 
38895 
38747 
38780 
38752 
37345 
39025 
38754 
38831 
39088 
38818 
38832 
38850 
38852 
38951 
38854 
38983 
38905 
38873 
38982 
38670 
38753 
38822 
38950 
38846 
38905 
38799 
39068 
38936 
38989 
38763 
38587 
38898 
38784 
38757 
38699 
38587 
38758 
38743 
38028 
38961 
39083 
38674 
39073 
38808 
38957 
38830 
38903 
38814 
38862 
39028 
38803 
39030 
38886 
38975 
38972 
38800 
38805 
38037 
38896 
38894 
38915 
37422 
38733 
38808 
38885 
38926 
38879 
39017 
37242 
38722 
38992 
38946 
39100 
38960 
38607 
38797 
38910 
38760 
38881 
38924 
39048 
38918 
38681 
38926 
39028 
38860 
38937 
38676 
38895 
39068 
38795 
38911 
38874 
38707 
38490 
38980 
38829 
38833 
38915 
38801 
38482 
38947 
38918 
38774 
38761 
38816 
38941 
39039 
38932 
38859 
38842 
38905 
39027 
38755 
38886 
39049 
38818 
39166 
38612 
38871 
38880 
39011 
38824 
38992 
38489 
39086 
37902 
38887 
38831 
38979 
38836 
38811 
38518 
38844 
37747 
38752 
38714 
38241 
38736 
38863 
38643 
38878 
39098 
38908 
38872 
38983 
37971 
38453 
38985 
38953 
38728 
38319 
38975 
39029 
38697 
38907 
38676 
38940 
38865 
39242 
37749 
36530 
35366 
35884 
35844 
36906 
35400 
35447 
35509 
38810 
37526 
35938 
37894 
35930 
36600 
36187 
38309 
36600 
37234 
37727 
38920 
39063 
39000 
34986 
34381 
38927 
33533 
33750 
38869 
38926 
38803 
38823 
39079 
34538 
34171 
30012 
35349 
39014 
36595 
39116 
37253 
39084 
38977 
37114 
39055 
39067 
36396 
39171 
38999 
35323 
39060 
39006 
34246 
39159 
39233 
38878 
33707 
39084 
39131 
39052 
32056 
38969 
39116 
39043 
32070 
39001 
39121 
39024 
30328 
38926 
39120 
39068 
28419 
39168 
39266 
39067 
26919 
39294 
39141 
39011 
25247 
39240 
39144 
38933 
22309 
39183 
39254 
39019 
38862 
23366 
39048 
39123 
39001 
38900 
20329 
39107 
39196 
38902 
38839 
19990 
38996 
38459 
38933 
38840 
22618 
35711 
39060 
39014 
39111 
16182 
33147 
38889 
39058 
38963 
21294 
32726 
38948 
39026 
38875 
20568 
39025 
38879 
39000 
37864 
26262 
38426 
38813 
39248 
38866 
26448 
37289 
38432 
39071 
38990 
26397 
32467 
38969 
39203 
38758 
25939 
37832 
38944 
39073 
38794 
27805 
37854 
38816 
37558 
37136 
26688 
36362 
35319 
36339 
38803 
39053 
37808 
38358 
38760 
38424 
38771 
37992 
35246 
36424 
38747 
35972 
36349 
34738 
36748 
38841 
38791 
32606 
36460 
31383 
36549 
38763 
38870 
31578 
36757 
35732 
38760 
38633 
38447 
38686 
35879 
30382 
33858 
38677 
38859 
38629 
37214 
33788 
38662 
38781 
38903 
38504 
37821 
31816 
36788 
38793 
38838 
38575 
38702 
34260 
38583 
38788 
38859 
38609 
38799 
31798 
35285 
38929 
38766 
38704 
38767 
34789 
38219 
38604 
39002 
38895 
38771 
35770 
37229 
38580 
39158 
38840 
38283 
35391 
38157 
38762 
38778 
39015 
38685 
36417 
35168 
38636 
38772 
39108 
38861 
36790 
36527 
38852 
38834 
39032 
38984 
36595 
35175 
38759 
38673 
33051 
38738 
38604 
36947 
38670 
38996 
38989 
38877 
38757 
35211 
38690 
38674 
38925 
38910 
38731 
34288 
38693 
39018 
38992 
38957 
38605 
34267 
38854 
38731 
38915 
39052 
38700 
34943 
38751 
38943 
39044 
38810 
38702 
36266 
38677 
38746 
39076 
38954 
38859 
38193 
38727 
38851 
39112 
38951 
38759 
38316 
38235 
38809 
38731 
38980 
38766 
38562 
38615 
39022 
38221 
39116 
39081 
38372 
38613 
38859 
37369 
39145 
39187 
38604 
38842 
38777 
35480 
39006 
38972 
38578 
38884 
38644 
36955 
39007 
38961 
38719 
38923 
38948 
34060 
39021 
38894 
38672 
39021 
38780 
35035 
39028 
38809 
38764 
38935 
38973 
34598 
38955 
39123 
38799 
37668 
39054 
33614 
39096 
39107 
38919 
38143 
39206 
32033 
38977 
39030 
39000 
38186 
38890 
31339 
38996 
39124 
38745 
35782 
39156 
38668 
38957 
38717 
39217 
38909 
38210 
38960 
38899 
38826 
38719 
38345 
38453 
39002 
36401 
38913 
38828 
38847 
39025 
39209 
39050 
38723 
38781 
38829 
39153 
39005 
38837 
38766 
38998 
38904 
33977 
38781 
38816 
39063 
38930 
39060 
39146 
38609 
38732 
38791 
38804 
38830 
38955 
38840 
38866 
36526 
38846 
38786 
38822 
39037 
38675 
38943 
38613 
38816 
38953 
38707 
38951 
38858 
38733 
39097 
39123 
38957 
35700 
38769 
38861 
38871 
39104 
38876 
38841 
38935 
38715 
38953 
38899 
38803 
38806 
38561 
38972 
38831 
38873 
38810 
38672 
38737 
38742 
39311 
38965 
38945 
35931 
38882 
38769 
38836 
38918 
38946 
38849 
39136 
38724 
38848 
38808 
38704 
39002 
38826 
38821 
38816 
39203 
39047 
39111 
39095 
38898 
38815 
39051 
39002 
35194 
38669 
38737 
39053 
38593 
38841 
39114 
39103 
39597 
38986 
38888 
38783 
38775 
38944 
39131 
38712 
38986 
38911 
38717 
38913 
38835 
38732 
38708 
38711 
38899 
39025 
38714 
38875 
38714 
38730 
38915 
38751 
38819 
38988 
38908 
38909 
37863 
39246 
38750 
38910 
39254 
38699 
38675 
38865 
38907 
38679 
39114 
38860 
39179 
39039 
37281 
38784 
38745 
38947 
38892 
38944 
39143 
38928 
38895 
38804 
38710 
38813 
38791 
38723 
38492 
38813 
38939 
38598 
38777 
38830 
38780 
38771 
37845 
38724 
38863 
38946 
38870 
38578 
38738 
38229 
38735 
38972 
38663 
39052 
38821 
38257 
38082 
39053 
39020 
38979 
38778 
38814 
37938 
38850 
38795 
38746 
38242 
36989 
37649 
37501 
38590 
37852 
38822 
37122 
37871 
38806 
38688 
38325 
38705 
38968 
38828 
39389 
38993 
38948 
38878 
39079 
39062 
38837 
38976 
39017 
38789 
38916 
38527 
38967 
38818 
38764 
38908 
39060 
39097 
38689 
38928 
39145 
38946 
38923 
38955 
38448 
38574 
38794 
38795 
39275 
38919 
39199 
38729 
38771 
38871 
38868 
39167 
38889 
38984 
38923 
39083 
39146 
38844 
39420 
39005 
38920 
39016 
38554 
38705 
38766 
39078 
38750 
39003 
38962 
38720 
39110 
38714 
38827 
39150 
38667 
38993 
38547 
38866 
38326 
38333 
38854 
38910 
38862 
38982 
38898 
38793 
38595 
39030 
38842 
38942 
39045 
39311 
38755 
38785 
39050 
39081 
38792 
38874 
38941 
38991 
37462 
38893 
38927 
39011 
38748 
38730 
38814 
38921 
38859 
38849 
38869 
39183 
38813 
38931 
38853 
38948 
38901 
38891 
39036 
38808 
39059 
39007 
38837 
38872 
38747 
38762 
38784 
38946 
38906 
38808 
38861 
38940 
39025 
38895 
39038 
38965 
39051 
38873 
38450 
38755 
38857 
39104 
38874 
38726 
37936 
38736 
38591 
39054 
38449 
38803 
38943 
38865 
38803 
39101 
38889 
38950 
38370 
38782 
38824 
39147 
38749 
39149 
38920 
38818 
39206 
38688 
38965 
38730 
38904 
38899 
38827 
38978 
38889 
38777 
38849 
38828 
38968 
38864 
38846 
37958 
37073 
36855 
38698 
36962 
36311 
38764 
38947 
36836 
36458 
38896 
36812 
37169 
38910 
38900 
39075 
37909 
37299 
38804 
38401 
37680 
38859 
38767 
38693 
38642 
39076 
37160 
38013 
38929 
39106 
38804 
38909 
38920 
38931 
38770 
38980 
38915 
38926 
38673 
38869 
38896 
38808 
38847 
39004 
38976 
39308 
38638 
38765 
38770 
39102 
38816 
38928 
38936 
39147 
38791 
38833 
38827 
38681 
38923 
39018 
38951 
38874 
39004 
38903 
39243 
38761 
38913 
38813 
38961 
38735 
38872 
38645 
39027 
38463 
38999 
38786 
38984 
38885 
39002 
38815 
38823 
38933 
39031 
38989 
38827 
38904 
38805 
38792 
38632 
38982 
39215 
39099 
38867 
38824 
38957 
38792 
38959 
39081 
38825 
39174 
38885 
38810 
39120 
38980 
39012 
39036 
39091 
38969 
38963 
38803 
39095 
38675 
39000 
38470 
38852 
38872 
39048 
39096 
38769 
38964 
38751 
38517 
38838 
38735 
38815 
38719 
39320 
38935 
38871 
38503 
38965 
38944 
38593 
38646 
38737 
38919 
38739 
38854 
38832 
37739 
38753 
38796 
38930 
39039 
38981 
38811 
38854 
38942 
38796 
38589 
39116 
38978 
38779 
38993 
38837 
38619 
38644 
38864 
38897 
38936 
38917 
38680 
39107 
38870 
38924 
38715 
38767 
38717 
38988 
39033 
38741 
38660 
39041 
38812 
38909 
38970 
38742 
38976 
38826 
38722 
38847 
38915 
38790 
38725 
38792 
38718 
38726 
38944 
38682 
39063 
38947 
39010 
38882 
38966 
38841 
38978 
38984 
38741 
38777 
38887 
38993 
38946 
39028 
39032 
38818 
38950 
38832 
38937 
39085 
38941 
38803 
38750 
39034 
38839 
38814 
38854 
38847 
38864 
39054 
39013 
38931 
39042 
38852 
38939 
38628 
38850 
38965 
39136 
39052 
39041 
38977 
38569 
38904 
38811 
38913 
38795 
38686 
39024 
38947 
38751 
38894 
38822 
38591 
38975 
39236 
39105 
38766 
38830 
39010 
38806 
38777 
39109 
37841 
38776 
38236 
38981 
39057 
38592 
39076 
38901 
38712 
39001 
38943 
38913 
38976 
39069 
37929 
39008 
38691 
38809 
39031 
38857 
38967 
39025 
38658 
38888 
38890 
38977 
39027 
38967 
38887 
38914 
39066 
39039 
38906 
38881 
38995 
38776 
38953 
39228 
38836 
38638 
38835 
38683 
38979 
38892 
38707 
39003 
38811 
38980 
38841 
39040 
38757 
38905 
38704 
38992 
38875 
38715 
38805 
38853 
38866 
38779 
38957 
39030 
38733 
38943 
38923 
38755 
38915 
39046 
39009 
39017 
38731 
38924 
39002 
38732 
38860 
38935 
38876 
38794 
38807 
38786 
38915 
38811 
38975 
38889 
39130 
39090 
39084 
39044 
38751 
38839 
39144 
39039 
38801 
37457 
38903 
38897 
38483 
38872 
37895 
39074 
38759 
38944 
38657 
37830 
38926 
38801 
38923 
38950 
38916 
38725 
38802 
38792 
39240 
38791 
38920 
39041 
38688 
39144 
39075 
39044 
38792 
38969 
39024 
38965 
38831 
38937 
38909 
39179 
38977 
38890 
38913 
38876 
38781 
38892 
38744 
38886 
38792 
38974 
38723 
38787 
38860 
38872 
38836 
38851 
38754 
39066 
38889 
38603 
38962 
39026 
38876 
38778 
38855 
38952 
38879 
38749 
38748 
38975 
38570 
39050 
38939 
38497 
39005 
38792 
38974 
38583 
38956 
38813 
38787 
38798 
38885 
38738 
38913 
38762 
38721 
38959 
39075 
38987 
38612 
39076 
38800 
38996 
38882 
39205 
38828 
38941 
38987 
38718 
38926 
38676 
38863 
38964 
39081 
38721 
39079 
38897 
39072 
38681 
38886 
38848 
38839 
38755 
39071 
38998 
38856 
38877 
38892 
38677 
38951 
39015 
39148 
38936 
39001 
38811 
38910 
39079 
38718 
38831 
38680 
39057 
38977 
38918 
39065 
38850 
38848 
38928 
39074 
39060 
38757 
39007 
38768 
39010 
39052 
38973 
39149 
38995 
39058 
39115 
39047 
39044 
39136 
38766 
38732 
39002 
38692 
38984 
38974 
39129 
39001 
38831 
38953 
38799 
38701 
38803 
38487 
38967 
38849 
38804 
38986 
38895 
38986 
38922 
39055 
38655 
38754 
38741 
38709 
38921 
39013 
38854 
38743 
38794 
38849 
38775 
38628 
38831 
38937 
39086 
38908 
38975 
38765 
38760 
39018 
38824 
38838 
39044 
38893 
38849 
38863 
39097 
38799 
39034 
38870 
38777 
38569 
39069 
39191 
38848 
38843 
38933 
38668 
38913 
38848 
38830 
38957 
39030 
38972 
38856 
38876 
39115 
38865 
38879 
39098 
38675 
39238 
38659 
38758 
38938 
38793 
38814 
38282 
39236 
38906 
38868 
38834 
38821 
38951 
39011 
38971 
39194 
39002 
38725 
38856 
38735 
39178 
38908 
38893 
38922 
38930 
39189 
38946 
39114 
38867 
38741 
38850 
38701 
38807 
38801 
38933 
38745 
38940 
38772 
38575 
38202 
39033 
38759 
38722 
38922 
39017 
38818 
39053 
39016 
38998 
38815 
38788 
38907 
38721 
38752 
38861 
38823 
39002 
38781 
38776 
38784 
38699 
38715 
38896 
39170 
38713 
38888 
38974 
38885 
38830 
38741 
38831 
38793 
38770 
38972 
38964 
38669 
38838 
38540 
38656 
38891 
38624 
39014 
39093 
38841 
39236 
39234 
38775 
38760 
38986 
38972 
38819 
38707 
37972 
39019 
38626 
38720 
38870 
39176 
38843 
39008 
38837 
38964 
38762 
38776 
39022 
38789 
38946 
38931 
38660 
38898 
38946 
38798 
39136 
38429 
38932 
38493 
39004 
38872 
38698 
37926 
38669 
38843 
38771 
38752 
38822 
38920 
38942 
38817 
38955 
38850 
38902 
38709 
38705 
38743 
38615 
39092 
38902 
38716 
39135 
38995 
38949 
38864 
38637 
38713 
39113 
38822 
38907 
38742 
38604 
38888 
38948 
38700 
38716 
38933 
39012 
38914 
39195 
38963 
38813 
39000 
38635 
38801 
38768 
38883 
38853 
38963 
38938 
38751 
38789 
38794 
38851 
38789 
38832 
38962 
38829 
38750 
38665 
38936 
38642 
38922 
38879 
38747 
38797 
38975 
38773 
38809 
38700 
38867 
38552 
38875 
38756 
38780 
38805 
38762 
38875 
38829 
38816 
38873 
38969 
39110 
38832 
38908 
38758 
38672 
38717 
38890 
38951 
38895 
38811 
38704 
38727 
38789 
38921 
38753 
38691 
39007 
38768 
38794 
39003 
38991 
38810 
38835 
38975 
38858 
38583 
38775 
38859 
38830 
38663 
38868 
38500 
38719 
38898 
38755 
38861 
38667 
38682 
38953 
38882 
38795 
38810 
38811 
38774 
38952 
38869 
38735 
39035 
38769 
38717 
38802 
38685 
38971 
38610 
38873 
38734 
38811 
38858 
38699 
38711 
38803 
38751 
39154 
39213 
38861 
38853 
38838 
39041 
38712 
38971 
38680 
38626 
38755 
38782 
38794 
38677 
38933 
38892 
38755 
38719 
38886 
38700 
38993 
38978 
38815 
38876 
38944 
38800 
39235 
38638 
38871 
38824 
38796 
38841 
38822 
38905 
38775 
38963 
38758 
38663 
39007 
38822 
38756 
38902 
38749 
39130 
38867 
38765 
39026 
38897 
38647 
39208 
38715 
38844 
38695 
38894 
38784 
37827 
38717 
38436 
37777 
39073 
37310 
38659 
38831 
38964 
38761 
38922 
38696 
38585 
38972 
38987 
37842 
38875 
38738 
38788 
38796 
38886 
38892 
38664 
38991 
38758 
38672 
38766 
38771 
38723 
38790 
38702 
38762 
38905 
39001 
38958 
38801 
38859 
38822 
38741 
38792 
38668 
38779 
38774 
38686 
38914 
38971 
38975 
38682 
38877 
38845 
38800 
38831 
38961 
38772 
38970 
38989 
38879 
39008 
38932 
38916 
38846 
39041 
38803 
38805 
38979 
38878 
39003 
38775 
38708 
38963 
38988 
38972 
38815 
38987 
38747 
38993 
39062 
38793 
38581 
38838 
38805 
38739 
38925 
38977 
38937 
39053 
38941 
38817 
38843 
38919 
38777 
39013 
38896 
38797 
38962 
38882 
38780 
38890 
38861 
38777 
38809 
39079 
39049 
38881 
38771 
38695 
38832 
38973 
38820 
38995 
38902 
38858 
39011 
38925 
38917 
38448 
38833 
38830 
38918 
38893 
38769 
38824 
38820 
39060 
39059 
38820 
39025 
38978 
38901 
38981 
39074 
39002 
38979 
38866 
38835 
38855 
38941 
38957 
38836 
38832 
38880 
38951 
39049 
38927 
39044 
38719 
38800 
39042 
38796 
38939 
38849 
38886 
38792 
39060 
38696 
37851 
38871 
39049 
38945 
38698 
39155 
38989 
38647 
38958 
39002 
39071 
38741 
39022 
38967 
38802 
39024 
38969 
38979 
38896 
38967 
38796 
38814 
38765 
38143 
39015 
38522 
39155 
39068 
38912 
38808 
39012 
39084 
38842 
38826 
38723 
38840 
39047 
38974 
38835 
38716 
38927 
38877 
38815 
38891 
39003 
38872 
38755 
38628 
38928 
38782 
38828 
38747 
39125 
39215 
38798 
38931 
38890 
38902 
39010 
38792 
38957 
38662 
38992 
39029 
39012 
38766 
38922 
38889 
38541 
38931 
38723 
38966 
39067 
38634 
38767 
38918 
38972 
38885 
38988 
38746 
38806 
38990 
39135 
39048 
38716 
38713 
38801 
38897 
38799 
38718 
39065 
38653 
38219 
38789 
39223 
38873 
38893 
39102 
38342 
38858 
38897 
38793 
38951 
38955 
38768 
38871 
38684 
38790 
38888 
38775 
39074 
38807 
38861 
38965 
39101 
38863 
38589 
38742 
38775 
38746 
38950 
39226 
38821 
38891 
39225 
38788 
39017 
39114 
38898 
38961 
38821 
38992 
38849 
39017 
38869 
38913 
39021 
38969 
38892 
38925 
38970 
38757 
38784 
38933 
39023 
38891 
38714 
38746 
38885 
38779 
38896 
38800 
38837 
38822 
38642 
38673 
39065 
38936 
38800 
38843 
39004 
38799 
38766 
39022 
38950 
38854 
38999 
38876 
38783 
38955 
38846 
38777 
38759 
38866 
39081 
38811 
38906 
38799 
38695 
38919 
38676 
38964 
38914 
38805 
38788 
38991 
38901 
38811 
38693 
38791 
38687 
38917 
39002 
38932 
38996 
38968 
38798 
38907 
38876 
38953 
38940 
38858 
38627 
38928 
38783 
38854 
38848 
38757 
38694 
39006 
38881 
39162 
38941 
38855 
38714 
38749 
38983 
38885 
38914 
38961 
38992 
39021 
39269 
38898 
38824 
38836 
38854 
38632 
38888 
38798 
38728 
38918 
38867 
38834 
39004 
38931 
38882 
38917 
38734 
38998 
38645 
38880 
38912 
38772 
38649 
38814 
38825 
39029 
38771 
38841 
38902 
38863 
38771 
38612 
38905 
38809 
38776 
38998 
38965 
38940 
39097 
39067 
38869 
38936 
38589 
38972 
38848 
38825 
38738 
38616 
38845 
38963 
38867 
39005 
38922 
38749 
38695 
38860 
38732 
38969 
38753 
39047 
38871 
39247 
38817 
38991 
38609 
39404 
38587 
38730 
39142 
38911 
38951 
38927 
38765 
39062 
38586 
39076 
38919 
38829 
38967 
38836 
38724 
38807 
39052 
38798 
39099 
38952 
38853 
38826 
38953 
39090 
38932 
39071 
39021 
39002 
38726 
38981 
38755 
39050 
38827 
38661 
38929 
38946 
38771 
38912 
38954 
38965 
38754 
38988 
38881 
38835 
38775 
38893 
38840 
38748 
39038 
38964 
38729 
39126 
38851 
38754 
39012 
38795 
38756 
38822 
38894 
39122 
38740 
38793 
38899 
38808 
39198 
38767 
38987 
38799 
39057 
38828 
38871 
39218 
38754 
38551 
38949 
38870 
39040 
38954 
39012 
39070 
38941 
38923 
38930 
39011 
38986 
38826 
38879 
39138 
38977 
38694 
38884 
38947 
38886 
38984 
38943 
38829 
38968 
38639 
38889 
38752 
38811 
39166 
38862 
38780 
38967 
38930 
38992 
39002 
39159 
38870 
38824 
38763 
38846 
38764 
38813 
39099 
38875 
38785 
38938 
38963 
38992 
39385 
38806 
38849 
39090 
38815 
38735 
38193 
39139 
38750 
39218 
38685 
39036 
38925 
39048 
38926 
39034 
38974 
39007 
38917 
38710 
38717 
38870 
38981 
38900 
39067 
38713 
38981 
39089 
39063 
38935 
38927 
38830 
38930 
38882 
38275 
38914 
38743 
38893 
39036 
38784 
38869 
38823 
39078 
38829 
38908 
38815 
38975 
39156 
38960 
38979 
39044 
39048 
39051 
39023 
38825 
39004 
38474 
38977 
39026 
38914 
38818 
38912 
38811 
38799 
39044 
38938 
38775 
38989 
39011 
38993 
38873 
38871 
39005 
38815 
38614 
38913 
38856 
38946 
38729 
38647 
39049 
38990 
38841 
39129 
38916 
38993 
39164 
39047 
38727 
39002 
38844 
38919 
38893 
38957 
38814 
38991 
39187 
38852 
38974 
38789 
38836 
38865 
38792 
38928 
39058 
38870 
38909 
38724 
38840 
38780 
39021 
38821 
39137 
38691 
38923 
39094 
38800 
39098 
39037 
38651 
38908 
38791 
39051 
38995 
39201 
38998 
38677 
38988 
38731 
38814 
38799 
38721 
39068 
39168 
39022 
39042 
38658 
38919 
38979 
39002 
38872 
39215 
38984 
38804 
38877 
38833 
38832 
38783 
38910 
38939 
38907 
38820 
38905 
38417 
35941 
36846 
36560 
35679 
34518 
38714 
36318 
37569 
36595 
38781 
38820 
38885 
36532 
39112 
35870 
38428 
38928 
36016 
38429 
35530 
37991 
39240 
38733 
38652 
38808 
38961 
38720 
38086 
38781 
38749 
38977 
38816 
38834 
38935 
38658 
38880 
38970 
39005 
38930 
38885 
38873 
39084 
39063 
38854 
39073 
38806 
39039 
38807 
37706 
35478 
38632 
36320 
38998 
38619 
35372 
38835 
38253 
35011 
36832 
38684 
35996 
38683 
36894 
38000 
38908 
38697 
38818 
37333 
38273 
38859 
38654 
38797 
39002 
38497 
38134 
38926 
38820 
38828 
38913 
37833 
39015 
39042 
38782 
38899 
38815 
38712 
39086 
38831 
38752 
38733 
38186 
38725 
38707 
38961 
38857 
39091 
38330 
36809 
38570 
37806 
39016 
38626 
38417 
35663 
39087 
38864 
38639 
38789 
38862 
38759 
38848 
39088 
38965 
38786 
38811 
38519 
38943 
38840 
37575 
38819 
38408 
35500 
39015 
38813 
38686 
38979 
38841 
38908 
38641 
37259 
38789 
38864 
38847 
38884 
38436 
39026 
38848 
38687 
38795 
38816 
38959 
38878 
38760 
38895 
38836 
38972 
38966 
38689 
38857 
38826 
38840 
38766 
38707 
38737 
38079 
36816 
38806 
38875 
38692 
38829 
38754 
38881 
39122 
38810 
38918 
38910 
38758 
38790 
38792 
38926 
38791 
38739 
38776 
38918 
38979 
38834 
38847 
38970 
38692 
38905 
38319 
39087 
38752 
38892 
39065 
38704 
39028 
38959 
39013 
38640 
38838 
38996 
38958 
38784 
38748 
38639 
38877 
38769 
38942 
38983 
38736 
38771 
38968 
38944 
38853 
38744 
38951 
38817 
38814 
38711 
38739 
38880 
38944 
38839 
39132 
38892 
38778 
39023 
39036 
38984 
38801 
38789 
38766 
38767 
39000 
36405 
38711 
38954 
38708 
38815 
38915 
38872 
39111 
38780 
38850 
38800 
39066 
38860 
38710 
38796 
38639 
38877 
38903 
38642 
38934 
37807 
38662 
38800 
38782 
38790 
38759 
38762 
38775 
39091 
38806 
38856 
38852 
38829 
38667 
38912 
38851 
38814 
39058 
38946 
38856 
38739 
38980 
38846 
38898 
38735 
38855 
39003 
38846 
38955 
35888 
38713 
38927 
38797 
38970 
38842 
38636 
38744 
38976 
38858 
38650 
39025 
38955 
38705 
38826 
38738 
38921 
38951 
38876 
38575 
38908 
38848 
38816 
38819 
38718 
38860 
38969 
38608 
39001 
38762 
38930 
38760 
38754 
38953 
38991 
38790 
38828 
38983 
38872 
38747 
38767 
38818 
38873 
38711 
38781 
38972 
38906 
38897 
38974 
38803 
38953 
39083 
38710 
38877 
38791 
38831 
38681 
38820 
39011 
38696 
38826 
39062 
38958 
38862 
38844 
38774 
38988 
38994 
38845 
38764 
38838 
39080 
38801 
38856 
39085 
38739 
38578 
38824 
38856 
38866 
38738 
39167 
38672 
38933 
38755 
37703 
38268 
38976 
38382 
37699 
38851 
39141 
38811 
38864 
39038 
38751 
38855 
39071 
38791 
38850 
38909 
38877 
38889 
38833 
38673 
39074 
38967 
38719 
38730 
38989 
38991 
38711 
37430 
38778 
38820 
38730 
38954 
38910 
38868 
38818 
38965 
38866 
38945 
39055 
38760 
38863 
38920 
38730 
38945 
38811 
39033 
38934 
38709 
38945 
38761 
39078 
38797 
38912 
38932 
38917 
38907 
38712 
38983 
38991 
38818 
38912 
39154 
38861 
39148 
39035 
39039 
39031 
38934 
38932 
39006 
38914 
38836 
38987 
38681 
36798 
38838 
37801 
38926 
38731 
38880 
38748 
38708 
38736 
38704 
38975 
39089 
38952 
38546 
38969 
38792 
38843 
38854 
38702 
38034 
38175 
38691 
38826 
38837 
39000 
38517 
38610 
38161 
38928 
38919 
38984 
38767 
37817 
39154 
38901 
38704 
38849 
38895 
38647 
38555 
38900 
39003 
38846 
38062 
39092 
38973 
39002 
38917 
38307 
38706 
38991 
38952 
38697 
38919 
38997 
38993 
38879 
39067 
38717 
38950 
38896 
38815 
39191 
38935 
38986 
38979 
39008 
38845 
38667 
39048 
38859 
38849 
38782 
38735 
38691 
38800 
38948 
38337 
38998 
39010 
38894 
38910 
38965 
38941 
39032 
38481 
38941 
39160 
38662 
38941 
38971 
39116 
38970 
38893 
39039 
39036 
38772 
38831 
38669 
39110 
38881 
39079 
38887 
39005 
38647 
38876 
37508 
38803 
39164 
38707 
38965 
38704 
38795 
38775 
39300 
38752 
39029 
38919 
38870 
39103 
38774 
38571 
38927 
38742 
39055 
39083 
38786 
39153 
39013 
39226 
39042 
39007 
38968 
38867 
38979 
38852 
38875 
38625 
39292 
38614 
39043 
38801 
38782 
38881 
38705 
38075 
38682 
38923 
38880 
38899 
38845 
37538 
38989 
38947 
38958 
38767 
38890 
39013 
38965 
38834 
38422 
38878 
38935 
38862 
38912 
39006 
38491 
38937 
38096 
38991 
38804 
38981 
38672 
38928 
38700 
39143 
39016 
38753 
38894 
38827 
38984 
38892 
38717 
38812 
38711 
39344 
38957 
39222 
38828 
38924 
38624 
38743 
38896 
38660 
38755 
38888 
38886 
38869 
38655 
38891 
38622 
38617 
38760 
38748 
38787 
38786 
38874 
38881 
39047 
38976 
38603 
38993 
38882 
38883 
37410 
38416 
38460 
38809 
39060 
38993 
38890 
39080 
38806 
38572 
38863 
38974 
38914 
39042 
38881 
38540 
38817 
38938 
38722 
38954 
38987 
38781 
38783 
38662 
38515 
38874 
38870 
38770 
38665 
38601 
38639 
38967 
38996 
38887 
38986 
38863 
38843 
38834 
38818 
38620 
38847 
38690 
38805 
38919 
38977 
38793 
38802 
37434 
38683 
38722 
38817 
38793 
38884 
38969 
38674 
38832 
39005 
38750 
38767 
38802 
38774 
38951 
38811 
38689 
38790 
38947 
38869 
38797 
38943 
38870 
38924 
39023 
38799 
38898 
38881 
38746 
38863 
38979 
38987 
38845 
38834 
38971 
38910 
38755 
39140 
38980 
38790 
38888 
38803 
38812 
38938 
38784 
39042 
38785 
38943 
39000 
38683 
38739 
38770 
38838 
38796 
39000 
38919 
38882 
38816 
38923 
39044 
38925 
39145 
38848 
38663 
39027 
38828 
38782 
38793 
38870 
39014 
38883 
39053 
37802 
39067 
38785 
38963 
38959 
38889 
38986 
38057 
38708 
38943 
38990 
38835 
38718 
38823 
39016 
38856 
38987 
38704 
38970 
38871 
38671 
39014 
38827 
39104 
38760 
38662 
39044 
38614 
38863 
38748 
38979 
38958 
38991 
38954 
38834 
39102 
38954 
39022 
38903 
38820 
38924 
39052 
38929 
39024 
38990 
38842 
39001 
39151 
38645 
38878 
38767 
38913 
38703 
38685 
38801 
38839 
38962 
38787 
38739 
38734 
38897 
38741 
38918 
38818 
38910 
38895 
38971 
38741 
38637 
38537 
38631 
38644 
38900 
38729 
38805 
38954 
38796 
38842 
38679 
38838 
38910 
38824 
38816 
38734 
39010 
38747 
38762 
38710 
38949 
38645 
38626 
38758 
38875 
38919 
38748 
38803 
38873 
39039 
38667 
38791 
38950 
38904 
38596 
38762 
38822 
38941 
39247 
38638 
38796 
38651 
38985 
38468 
38790 
38953 
38889 
38725 
38901 
38618 
38902 
38710 
38785 
38789 
38818 
38796 
38774 
38940 
38629 
38955 
38912 
38989 
38575 
38795 
38907 
38620 
38743 
39016 
38754 
39151 
38785 
38813 
38785 
38950 
38995 
38940 
38899 
38965 
38978 
38824 
38735 
38600 
38718 
38770 
38757 
39018 
38717 
38713 
38974 
39059 
38614 
38955 
38880 
38961 
38714 
39035 
38952 
38744 
38879 
38885 
38912 
38895 
38749 
38825 
38907 
38645 
38900 
38761 
38895 
38925 
38805 
39023 
38725 
38829 
38933 
38980 
38665 
39097 
38918 
38837 
38889 
38896 
38719 
38568 
38781 
38772 
38898 
38884 
38918 
38916 
38720 
38868 
38774 
38944 
38997 
38834 
39167 
38939 
38587 
38742 
38919 
39038 
38798 
38611 
38627 
38872 
38752 
38784 
39020 
38821 
39003 
38769 
38967 
38686 
38809 
38769 
38550 
38556 
38953 
38543 
38701 
38807 
38800 
38810 
38877 
38661 
38861 
38799 
38774 
38846 
38898 
38758 
38781 
38782 
38842 
38761 
38834 
38944 
38814 
38690 
38803 
38503 
38649 
38929 
38965 
38874 
38639 
38667 
38895 
38665 
38840 
38859 
38806 
38841 
38863 
38721 
38679 
38686 
38599 
38838 
38729 
38943 
38812 
38844 
38858 
38945 
38663 
38764 
39055 
38742 
38949 
38953 
38860 
38915 
38856 
38728 
38916 
38803 
38861 
38595 
38667 
38684 
39002 
38462 
38697 
38658 
38741 
38775 
38876 
38746 
38831 
38804 
38715 
38841 
38959 
38638 
38985 
38652 
38648 
38694 
38750 
38720 
38834 
38769 
38996 
38838 
38919 
38871 
38614 
39014 
38755 
38997 
38861 
38657 
38828 
38771 
38732 
38827 
38733 
38907 
38627 
38838 
38932 
38841 
38697 
39000 
39079 
38798 
38717 
38692 
38980 
38910 
38889 
38904 
39076 
38871 
38854 
38753 
38880 
38956 
38829 
38921 
38907 
38536 
38534 
38825 
38837 
38635 
38686 
38852 
39046 
38767 
38822 
38695 
38823 
38599 
38810 
38728 
38976 
39050 
38589 
38980 
38846 
38913 
38950 
38896 
38865 
38746 
39020 
38788 
38926 
38876 
38916 
38955 
39072 
38886 
38839 
38848 
38839 
38844 
39266 
38860 
38852 
38752 
38841 
38960 
38970 
38919 
38785 
38607 
39279 
38810 
38736 
38914 
38949 
38685 
38909 
38965 
38887 
38813 
38697 
38778 
38845 
38830 
38751 
38963 
38882 
38967 
38993 
38920 
38825 
38852 
38765 
39039 
38950 
39032 
38969 
39031 
38891 
38953 
39045 
39014 
39187 
38822 
39006 
38704 
38941 
38768 
38881 
38747 
38846 
38834 
39053 
38847 
38724 
38823 
38805 
38943 
38958 
38628 
38852 
38983 
38697 
39000 
38859 
38714 
38845 
38747 
38883 
39052 
38861 
38752 
38778 
38826 
38866 
38977 
38768 
38883 
38703 
38922 
38800 
38952 
38672 
38901 
38905 
38698 
38629 
38686 
38797 
38810 
38806 
38929 
38941 
38720 
38929 
38839 
38948 
38943 
39079 
38844 
38462 
38814 
38981 
39019 
38740 
38890 
38832 
38837 
37887 
39151 
39025 
38878 
38906 
38744 
38936 
38771 
38765 
38666 
38828 
38707 
38915 
38751 
38676 
38526 
38734 
38894 
38745 
38811 
38827 
38895 
38921 
38787 
39002 
38987 
38922 
38860 
38740 
38934 
38403 
38543 
38809 
38980 
37945 
38736 
38719 
38966 
39075 
38723 
38766 
39068 
38314 
38710 
38791 
38695 
38902 
39036 
38962 
38790 
38727 
38888 
38845 
38952 
39006 
39021 
38795 
38780 
38316 
38856 
38992 
38595 
38999 
38992 
39289 
38831 
38999 
39024 
38728 
39045 
38930 
38859 
39062 
38651 
38853 
38909 
38887 
39043 
38936 
39126 
38756 
38755 
39156 
38731 
39260 
38701 
39100 
39031 
38893 
38903 
38884 
39075 
38771 
38864 
38986 
38809 
39083 
38947 
38963 
38760 
38888 
39136 
38741 
38875 
38915 
38982 
39059 
38924 
39264 
38883 
38961 
38566 
39029 
38927 
39081 
38831 
38822 
38957 
39171 
38721 
39054 
38882 
38958 
38954 
38767 
38885 
39048 
38903 
39039 
39002 
38911 
39051 
38778 
38866 
38678 
38976 
38790 
38882 
38936 
38766 
38874 
38878 
38801 
38901 
39026 
38627 
38883 
38914 
38893 
38928 
38975 
37385 
38908 
38086 
38884 
36726 
38954 
38781 
38708 
38773 
38744 
38924 
38013 
38873 
38892 
38899 
39134 
38963 
38975 
38983 
38642 
38769 
38768 
38867 
38845 
39001 
38872 
38934 
39098 
38648 
38896 
38746 
38852 
38812 
38764 
38966 
38885 
38785 
38871 
38981 
38645 
38796 
39035 
38466 
38802 
39050 
38969 
38885 
38746 
38895 
38819 
38917 
38892 
39026 
38734 
39012 
38746 
39054 
39193 
39140 
38989 
36916 
37752 
38829 
38952 
39198 
38830 
39274 
38165 
37780 
38782 
39108 
38635 
38874 
39208 
38960 
39091 
38934 
38948 
38873 
38920 
38863 
39057 
38823 
39211 
38696 
39106 
38810 
38748 
38948 
39082 
38812 
38893 
38796 
38879 
39072 
38662 
39021 
39038 
38176 
37876 
38957 
38833 
38637 
37928 
38898 
38744 
38947 
39089 
39198 
38759 
38891 
38988 
38898 
38891 
38851 
38817 
38718 
39069 
38807 
39153 
39012 
38926 
38913 
38799 
38715 
39106 
38571 
38934 
38728 
38714 
39019 
38931 
38783 
38972 
38740 
39078 
39102 
38691 
38904 
38785 
38937 
38982 
38851 
39121 
39034 
38912 
39058 
38690 
38860 
38589 
39063 
38782 
38937 
39158 
38884 
39005 
39015 
38693 
39091 
38953 
39182 
38832 
38974 
38778 
38867 
38858 
39009 
39003 
39124 
38858 
38798 
38749 
38744 
38830 
38941 
38893 
38980 
39023 
39107 
38734 
38937 
39018 
38662 
39046 
38616 
38931 
38863 
38992 
39079 
39139 
38669 
38842 
39009 
38328 
38977 
38561 
38909 
38593 
38795 
38926 
38806 
38793 
38929 
39087 
39011 
39014 
38819 
38708 
38638 
38982 
38690 
38811 
38828 
39230 
39009 
38762 
38763 
39112 
39021 
38898 
38732 
38757 
38843 
39077 
38854 
38932 
38950 
38939 
38957 
38703 
38866 
39015 
39062 
38963 
39152 
38918 
39017 
38903 
38850 
38953 
38787 
38863 
38927 
39079 
38901 
38745 
38241 
38795 
39087 
38758 
38868 
39021 
38855 
36421 
38925 
38753 
38790 
38895 
38881 
38762 
39001 
39001 
38837 
38836 
39033 
36981 
38947 
38721 
38872 
37947 
38846 
35394 
38976 
39045 
39024 
38717 
38846 
38909 
39004 
39001 
39026 
38878 
38913 
38749 
38833 
38779 
39007 
38937 
39019 
38673 
38908 
38563 
38890 
38767 
38921 
38971 
39002 
38835 
38887 
39141 
38851 
39059 
39065 
38821 
38990 
38761 
38949 
38887 
35529 
38640 
39130 
38896 
38831 
38975 
34938 
35898 
38763 
35867 
36160 
36288 
39138 
39007 
38664 
38755 
32184 
32051 
34066 
38666 
36546 
36918 
36181 
39072 
38761 
38942 
38762 
38759 
38750 
38854 
39001 
39015 
38950 
39048 
38644 
38924 
38955 
37936 
38199 
38989 
39025 
38966 
38808 
37722 
36911 
37215 
38679 
37835 
38310 
38380 
38918 
39103 
39026 
36893 
36409 
38775 
38671 
38848 
39167 
38993 
34859 
38992 
38853 
36930 
36395 
